2.98142e-05
2.68141e-05
2.85923e-05
2.71459e-05
2.94268e-05
2.88069e-05
2.98321e-05
3.69926e-05
3.02911e-05
2.88506e-05
2.71002e-05
2.71539e-05
2.71122e-05
2.7285e-05
2.87851e-05
2.82427e-05
2.73546e-05
2.74281e-05
2.66711e-05
3.19898e-05
2.8185e-05
2.81811e-05
2.70704e-05
2.61128e-05
2.85029e-05
2.82069e-05
3.0609e-05
3.21925e-05
2.88745e-05
2.85546e-05
2.95877e-05
2.70923e-05
2.70844e-05
3.016e-05
2.70188e-05
2.72989e-05
3.40343e-05
2.74877e-05
2.87195e-05
3.07639e-05
3.57807e-05
2.80639e-05
2.96772e-05
2.713e-05
2.88665e-05
2.92162e-05
2.79844e-05
2.62797e-05
2.73705e-05
2.82605e-05
3.75628e-05
3.26534e-05
2.83539e-05
2.79605e-05
2.71618e-05
2.81572e-05
4.02391e-05
2.8793e-05
3.19004e-05
2.92261e-05
3.24329e-05
2.63989e-05
2.66512e-05
2.60929e-05
3.08494e-05
2.97825e-05
2.69016e-05
2.81115e-05
2.74618e-05
2.95182e-05
3.08613e-05
3.07798e-05
2.90155e-05
2.7893e-05
2.92738e-05
2.6685e-05
2.82705e-05
2.68877e-05
2.7434e-05
2.87513e-05
2.8348e-05
3.55721e-05
3.64701e-05
2.81235e-05
2.86639e-05
3.31521e-05
3.04699e-05
2.90175e-05
3.13183e-05
2.76426e-05
2.73327e-05
2.80996e-05
3.19401e-05
2.79129e-05
2.73168e-05
2.83619e-05
2.70029e-05
2.99295e-05
3.12865e-05
3.09169e-05
